sp.ids <- list(

  Trichodes_ornatus= list(
    Genus="Trichodes",
    Subgenus = "",
    Species ="ornatus",
    Subspecies="",
    Sex="",
    Author = "Linsley & MacSwain",
    Determiner="L. Ponisio",
    temp.id= c(2, 3, 4, 5, 40, 9, 51, 72, 163, 164, 191, 192, 193,
    194, 195, 226, 227, 274, 251, 260, 261, 262, 275, 276, 277, 278,
    279, 280, 284, 285, 305, 308, 313, 350, 347, 401, 461, 522, 495,
    733, 735, 1024, 1057, 1090, 1906, 1907, 1908, 1909, 1910, 1911,
    2055, 2283, 2386, 2516, 2517, 2958, 2959, 2960, 2976, 2977, 2987,
    2988, 2989, 2990, 3116, 3117, 3118, 3119, 3159, 5215, 5216, 5217,
    5218, 5219, 5220, 5226, 5227, 5228, 5229, 5230, 5231, 5048, 5049,
    5050, 5051, 5067, 5068, 5069, 5070, 5071, 5076, 5080, 5086, 5093,
    5094, 4880, 4882, 4896, 5240, 5255, 610, 3163, 3192, 3381, 3701,
    3705, 3723, 3831, 4207, 4294, 4339, 4340, 3903, 3973, 3974, 3975,
    3976, 4089, 4043, 3990, 4016, 6012, 6425, 6436, 6342, 6325, 6343,
    5331, 5409, 618, 4751, 4755, 4768, 4803, 4804, 4814, 4815, 4818,
    4820, 4821, 4824, 4825, 4832, 4833, 4834, 4835, 4912, 4913, 4914,
    4916, 4918, 4928, 4929, 4935, 4944, 4946, 4953, 5143, 5149, 5158,
    5161, 5165, 5166, 5004, 5006, 5011, 5012, 5021, 5044, 4960, 4964,
    4968, 4971, 5098, 5105, 5107, 5108, 5109, 5110, 5111, 5131, 5132,
    5134, 5184, 5185, 5186, 5187, 5188, 5190, 5201, 5213, 5214, 5306,
    5308, 5366, 5371, 5372, 5369, 5376, 5377, 5378, 5382, 5400, 5403,
    5404, 5504, 5523, 5524, 5528, 5558, 5564, 5567, 5571, 6275, 6276,
    6266, 6277, 6278, 6279, 6280, 6326, 6327, 6328, 6329, 6330, 6331,
    6332, 6333, 6371, 6374, 6375, 6376, 6377, 6382, 6383, 6384, 6388,
    6396, 6397, 6398, 5511, 5402, 5370, 5562, 6404, 6432, 6014, 6104,
    6131, 6111, 5985, 6118, 5784, 5972, 6013, 5787, 5786, 5785, 5783,
    5782, 5973, 5781, 6110, 6049, 5717, 5716, 5734, 5733, 5953, 5952,
    5906, 5910, 5890, 5896, 6067, 6066, 6071, 6072, 6080, 6084, 6097,
    6096, 6095, 5893, 5699, 5698, 5693, 5679, 5680, 5694, 5702, 5676,
    5688, 5700, 5701, 5696, 5695, 5677, 5678, 5692, 5691, 5687, 5922,
    5658, 5665, 5904, 5657, 5655, 5656, 5645, 5646, 5653, 5644, 5659,
    5654, 5672, 5643, 6010, 6610, 6611, 6615, 6616, 6617, 6621, 6622,
    6623, 6624, 6625, 6626, 6631, 6645, 6653, 6657, 6658, 6664, 6667,
    6668, 6671, 6672, 6860, 6870, 6877, 6878, 6879, 6880, 6881, 6206,
    6701, 6697, 6695, 6694, 6686, 6685, 6682, 6494, 6171, 6172, 6495,
    6964, 6965, 6957, 6958, 11782, 11783, 10513, 10505, 10514, 11786,
    11794, 11795, 11796, 11799, 11433, 11436, 11468, 11487, 11739,
    11751, 11752, 11753, 11754, 11755, 11756, 11757, 11758, 7004,
    7005, 7006, 7007, 7008, 7093, 7080, 7044, 7045, 7046, 7078, 7079,
    7099, 7100, 7273, 7105, 7108, 7109, 7113, 7123, 7136, 7142, 7143,
    7155, 7239, 7243, 7244, 7245, 7246, 7247, 7257, 7274, 7275, 7283,
    7284, 7295, 7298, 7306, 7352, 7353, 7354, 7442, 7355, 7356, 7357,
    7366, 7393, 7421, 7443, 7091, 7230, 7320, 7392, 7857, 7858, 7859,
    10495, 10496, 10492, 7860, 7861, 7862, 7863, 7864, 7865, 7866,
    7867, 7871, 7883, 7884, 7885, 7886, 7881, 7913, 7940, 7941, 7947,
    7948, 7952, 7953, 7956, 7957, 7961, 7969, 7987, 7988, 7989, 8008,
    8007, 8245, 8257, 8275, 8316, 8518, 8516, 8425, 8894, 8907, 9091,
    8587, 8591, 8624, 8631, 8645, 9822, 9349, 9944, 9945, 10080,
    10083, 10082, 10081, 10069, 10051, 10052, 10050, 8065, 10481,
    10491, 10482, 8092, 8093, 8094, 8122, 8134, 8136, 8142, 8139,
    10208, 10219, 10220, 10224, 10230, 10231, 10232, 10233, 10235,
    10236, 10251, 10257, 10268, 10304, 10292, 10305, 10320, 10332,
    10338, 10339, 11218, 11219, 11220, 11221, 11225, 11226, 11227,
    11228, 11232, 11233, 11234, 11238, 11249, 11250, 11252, 11326,
    11345, 11387, 11398, 10384, 10391, 10392, 10398, 10397,
    10476, 10465, 10479, 10480, 10751, 10731, 10740, 10797, 10790,
    10796, 10808, 10809, 10817, 10838, 10839, 10840, 10843, 10844,
    10853, 10857, 10859, 10861, 10862, 10869, 10873, 10874, 10879,
    10880, 10884, 10913, 10914, 10915, 10916, 10917, 10918, 10919,
    10920, 10921, 10922, 10923, 10926, 10927, 10928, 10929, 10930,
    10932, 10933, 10934, 10935, 10936, 10937, 10938, 10939, 10941,
    10942, 10951, 10952, 10953, 10954, 10955, 10956, 10957, 10958,
    10960, 10961, 10962, 10963, 10964, 10977, 10987, 10988, 10990,
    10993, 11009, 11010, 11082, 11083, 11098, 11150, 11132, 11135,
    11165, 11166, 11167, 11176, 11182, 11183, 11184, 11185, 11186,
    11189, 10653, 10668, 10669, 10670, 10673, 10682, 10687, 10688,
    10689, 11541, 11543, 11542, 11540, 11545, 11553, 11556, 11561,
    11565, 11567, 11568, 11581, 10606, 10616, 10617, 10618, 10619,
    10620, 10623, 10624, 10625, 10626, 10627, 10524, 10525, 10541,
    10550, 10578, 10574, 11618, 11619, 11621, 11693, 11694, 11699,
    11700, 11777, 11778, 11779, 11780, 11781, 11759, 11760, 11762,
    11763, 11764, 11765, 11769, 11770, 11771, 11772, 11773, 11774,
    11775, 11776, 11502, 11507, 11515, 11520, 11521, 11522, 11523)),

  Cosmosalia_chrysocoma= list(
    Genus="Cosmosalia",
    Subgenus = "",
    Species ="chrysocoma",
    Subspecies="",
    Sex="",
    Author = "Kirby",
    Determiner="L. Ponisio",
    temp.id= c(48, 49, 47, 466, 3115, 5183, 7124, 7053, 7365, 7164,
    7381, 7199, 7960, 7977, 8464, 10854, 11736)),

  Stenostrophia_amabilis= list(
    Genus="Stenostrophia",
    Subgenus = "",
    Species ="amabilis",
    Subspecies="",
    Sex="",
    Author = "LeConte",
    Determiner="L. Ponisio",
    temp.id= c(981)),

  Judolia_instabilis= list(
    Genus="Judolia",
    Subgenus = "",
    Species ="instabilis",
    Subspecies="",
    Sex="",
    Author = "Haldeman",
    Determiner="L. Ponisio",
    temp.id= c(45, 46, 7, 71, 314, 315, 349, 6247, 5091, 5103, 8313, 
    8314, 7984, 7985, 7986, 8035, 8036, 8037, 8063, 10455, 10478, 
    10494, 10950, 10477)),

  Leptura_propinqua= list(
    Genus="Leptura",
    Subgenus = "",
    Species ="propinqua",
    Subspecies="",
    Sex="",
    Author = "Bland",
    Determiner="L. Ponisio",
    temp.id= c(1941, 1942, 9804, 9552, 1902)),

  Leptura_hovorei= list(
    Genus="Leptura",
    Subgenus = "",
    Species ="hovorei",
    Subspecies="",
    Sex="",
    Author = "Swift",
    Determiner="L. Ponisio",
    temp.id= c(1816, 1940)),

  Pachyta_lamed= list(
    Genus="Pachyta",
    Subgenus = "",
    Species ="lamed",
    Subspecies="",
    Sex="",
    Author = "Linnaeus",
    Determiner="L. Ponisio",
    temp.id= c(7382)),

  Trachysida_aspera= list(
    Genus="Trachysida",
    Subgenus = "",
    Species ="aspera",
    Subspecies="",
    Sex="",
    Author = "LeConte",
    Determiner="L. Ponisio",
    temp.id= c(7081)),

  Stenostrophia_tribalteata_sierrae= list(
    Genus="Stenostrophia",
    Subgenus = "",
    Species ="tribalteata",
    Subspecies="sierrae",
    Sex="",
    Author = "Linsley & Chemsak",
    Determiner="L. Ponisio",
    temp.id= c(3160, 4411, 4412, 4463, 4464, 3938, 3956, 6891, 1020,
    1058, 1059, 1060, 1156, 1903, 1939, 2101, 2310, 2387, 2586, 2587,
    2588, 2770, 2771, 2836)),

  Grammoptera_subargentata= list(
    Genus="Grammoptera",
    Subgenus = "",
    Species ="subargentata",
    Subspecies="",
    Sex="",
    Author = "Kirby",
    Determiner="L. Ponisio",
    temp.id= c(7025)),

  Xylotrechus_insignis= list(
    Genus="Xylotrechus",
    Subgenus = "",
    Species ="insignis",
    Subspecies="",
    Sex="",
    Author = "LeConte",
    Determiner="L. Ponisio",
    temp.id= c(9875)),

  Dichelonyx_backi= list(
    Genus="Dichelonyx",
    Subgenus = "",
    Species ="backi",
    Subspecies="",
    Sex="",
    Author = "Kirby",
    Determiner="L. Ponisio",
    temp.id= c(7309, 10408)),