sp.ids <- list(

  Steniolia_scolopacea= list(
    Genus="Steniolia",
    Subgenus = "",
    Species ="scolopacea",
    Subspecies="",
    Sex="",
    Author = "Handlirsch",
    Determiner="L. Ponisio",
    temp.id= c(255, 1176, 2615, 6452, 5117, 1443, 863, 1660, 2323,
    2381, 2382, 2399, 884, 3599, 1098, 1432, 1433, 2616, 2734, 2735,
    5557, 2736, 2737, 2753, 2754, 5755, 2804, 2924, 3132, 3174, 3343,
    3782, 3784, 3415, 4124, 4458, 4591, 4729, 5380, 5540, 5748, 5986,
    6119, 5652, 6690, 9568, 9347, 9488, 9504, 9533, 9857, 9940, 8593,
    8753, 8761, 10192, 11399, 11400, 11401, 11203, 10621, 11493))

  )
