sp.ids <- list(

  Vespula_pensylvanica = list(
    Genus="Vespula",
    Subgenus = "",
    Species ="pensylvanica",
    Subspecies="",
    Sex="f",
    Author = "Saussure",
    Determiner="L.Ponisio",
    temp.id= c(700, 732, 875, 855, 886, 979, 982, 1604, 1590, 1605,
      1611, 1882, 2062, 2063, 2038, 2089, 2526, 3079, 3098, 3206, 3207,
      3330, 3558, 3836, 3837, 3876, 3960, 242, 6318, 6319, 5487, 5488,
      5493, 5496, 5355, 5356, 5357, 5360, 5361, 5434, 5435, 5503, 5508,
      5513, 5519, 5520, 5531, 5522, 5532, 5537, 5577, 5263, 5823, 6073,
      5759, 6109, 5956, 5955, 5969, 5854, 5918, 5968, 5822, 5724, 6389,
      4910, 5957, 5982, 5671, 6857, 6855, 6670, 6524, 6184, 6952,
      9999)),

  Pseudomasaris_zonalis = list(
    Genus="Pseudomasaris",
    Subgenus = "",
    Species ="zonalis",
    Subspecies="",
    Sex="f",
    Author = "Cresson",
    Determiner="L.Ponisio",
    temp.id= c(346, 486, 1367, 2143, 3430, 3431, 3432, 3452, 4183,
      4004, 4005, 7027, 7237, 7256, 8006, 8369, 8348, 9136, 8981, 8982,
      8983, 8548, 8549, 8553, 8760, 9275, 8536)),

  Pseudomasaris_zonalis = list(
    Genus="Pseudomasaris",
    Subgenus = "",
    Species ="zonalis",
    Subspecies="",
    Sex="m",
    Author = "Cresson",
    Determiner="L.Ponisio",
    temp.id= c(7980, 7398, 7090, 8027, 7255, 25, 345, 4029))  
  )
