sp.ids <- list(

  Xylocopa_californica = list(
    Genus="Xylocopa",
    Subgenus = "Xylocopoides",
    Species ="californica",
    Subspecies="",
    Sex="f",
    Author = "Cresson",
    Determiner= "J.S. Ascher",
    temp.id= c(3369, 3409, 3410, 3441, 1412, 1473, 1648, 1649, 1650,
      1659, 1661, 1711, 1752, 8519, 8520, 8531, 8820)),

  Xylocopa_tabaniformis_orpifex = list(
    Genus="Xylocopa",
    Subgenus = "Notoxylocopa",
    Species ="tabaniformis",
    Subspecies="orpifex",
    Sex="m",
    Author = "Smith",
    Determiner= "J.S. Ascher",
    temp.id=  c(2847, 8554)),

  Anthophora_terminalis_f = list(
    Genus="Anthophora",
    Subgenus = "Clisodon",
    Species ="terminalis",
    Subspecies="",
    Sex="f",
    Author = "Cresson",
    Determiner= "R.W. Thorp",
    temp.id= c(3095, 3096, 3076, 3539, 3540, 1962, 1967, 3006, 3008,
      3007, 3075, 3084, 1813, 1814, 1895, 1925, 1926, 1927, 1931, 1767,
      1768, 1769, 1770, 1784, 1812, 3549, 5563, 5412, 9052, 8998, 8614,
      11152)),

  Anthophora_terminalis_m = list(
    Genus="Anthophora",
    Subgenus = "Clisodon",
    Species ="terminalis",
    Subspecies="",
    Sex="m",
    Author = "Cresson",
    Determiner= "R.W. Thorp",
    temp.id= c(306, 147, 3548, 1785, 3077, 8555, 8556, 8557, 8558,
      11599)),

  Anthophora_urbana_f = list(
    Genus="Anthophora",
    Subgenus = "Mystacanthophora",
    Species ="urbana",
    Subspecies="",
    Sex="f",
    Author = "Cresson",
    Determiner= "R.W. Thorp",
    temp.id= c(1239, 2914, 2933, 3527, 2139, 1815, 2326, 5685, 5749,
      8267, 8292, 8319, 8347, 8367, 8368, 8374, 8454, 8875, 8899,
      9057, 9072, 9073, 9083, 9084, 9085, 9105, 8993, 8740, 8759,
      8793, 8794, 8795, 8843, 8844, 8754, 9353, 9495, 9569, 9574,
      9650, 9196, 9205, 10028, 9803, 9923, 9982, 9983, 8172, 10124,
      11416, 10741, 10834, 11190, 10703, 11485, 8005)),

  Anthophora_urbana_m = list(
    Genus="Anthophora",
    Subgenus = "Mystacanthophora",
    Species ="urbana",
    Subspecies="",
    Sex="m",
    Author = "Cresson",
    Determiner= "R.W. Thorp",
    temp.id= c(879, 2060, 1238, 2614, 3965, 5498)),

  Anthophora_exigua= list(
    Genus="Anthophora",
    Subgenus = "Heliophila",
    Species ="exigua",
    Subspecies="",
    Sex="f",
    Author = "Cresson",
    Determiner= "M.C. Orr",
    temp.id= c(626, 627, 968, 3259, 3260, 2479, 625, 2375, 6296,
      10114, 10744, 9671)),

  Anthophora_exigua_m= list(
    Genus="Anthophora",
    Subgenus = "Heliophila",
    Species ="exigua",
    Subspecies="",
    Sex="m",
    Author = "Cresson",
    Determiner= "M.C. Orr",
    temp.id= c(271, 3979, 5468, 4358, 9334, 8935, 8306, 10501)),

  Anthophora_flexipes= list(
    Genus="Anthophora",
    Subgenus = "Heliophila",
    Species ="flexipes",
    Subspecies="",
    Sex="f",
    Author = "Cresson",
    Determiner= "M.C. Orr",
    temp.id= c(2971, 2983, 1622, 9431)),

  Anthophora_flexipes_m= list(
    Genus="Anthophora",
    Subgenus = "Heliophila",
    Species ="flexipes",
    Subspecies="",
    Sex="m",
    Author = "Cresson",
    Determiner= "M.C. Orr",
    temp.id= c(2498, 8569)),

  Xeromelecta_californica = list(
    Genus="Xeromelecta",
    Subgenus = "Melectomorpha",
    Species ="californica",
    Subspecies="",
    Sex="f",
    Author = "Cresson",
    Determiner= "R.W. Thorp",
    temp.id= c(1175,
      1111, 2497, 3147)),

  Triepeolus_morpho= list(
    Genus="Triepeolus",
    Subgenus = "",
    Species ="sp.",
    Subspecies="a",
    Sex="",
    Author = "",
    Determiner= "R.W. Thorp",
    temp.id= c(4041)),
  
  Epeolus_morpho= list(
    Genus="Epeolus",
    Subgenus = "",
    Species ="sp.",
    Subspecies="a",
    Sex="",
    Author = "",
    Determiner= "R.W. Thorp",
    temp.id= c(2703, 4448)),

  Nomada_morpho_a = list(
    Genus="Nomada",
    Subgenus = "",
    Species="sp.",
    Subspecies="a",
    Sex="f",
    Author = "",
    Determiner="R.W. Thorp",
    temp.id= c(75, 108)),

  Nomada_morpho_b = list(
    Genus="Nomada",
    Subgenus = "",
    Species ="sp.",
    Subspecies="b",
    Sex="f",
    Author = "",
    Determiner= "R.W. Thorp",
    temp.id= c(403, 3939)),

  Nomada_morpho_c = list(
    Genus="Nomada",
    Subgenus = "",
    Species="sp.",
    Subspecies="c",
    Sex="f",
    Author = "",
    Determiner= "R.W. Thorp",
    temp.id= c(6874)),

  Melissodes_micheneri= list(
    Genus="Melissodes",
    Subgenus = "Eumelissodes",
    Species ="micheneri",
    Subspecies="",
    Sex="f",
    Author = "LaBerge",
    Determiner= "Karen Wright",
    temp.id= c(697, 5950)),
  
  Melissodes_micheneri= list(
    Genus="Melissodes",
    Subgenus = "Eumelissodes",
    Species ="micheneri",
    Subspecies="",
    Sex="m",
    Author = "LaBerge",
    Determiner= "Karen Wright",
    temp.id= c(2449)),

  Melissodes_microsticta= list(
    Genus="Melissodes",
    Subgenus = "Eumelissodes",
    Species ="microsticta",
    Subspecies="",
    Sex="f",
    Author = "Cockerell",
    Determiner= "R.W. Thorp",
    temp.id= c(4195)),

  Melissodes_microsticta= list(
    Genus="Melissodes",
    Subgenus = "Eumelissodes",
    Species ="microsticta",
    Subspecies="",
    Sex="m",
    Author = "Cockerell",
    Determiner= "R.W. Thorp",
    temp.id= c(2374, 1196, 2612, 9333))
  )
