sp.ids <- list(

  Ceratina_nanula= list(
    Genus="Ceratina",
    Subgenus = "Zadontomerus",
    Species ="nanula",
    Subspecies="",
    Sex="f",
    Author = "Cockerell",
    Determiner="R.W. Thorp",
    temp.id= c(10875)),

  Bombus_bifarius_f= list(
    Genus="Bombus",
    Subgenus ="Bombus",
    Species ="bifarius",
    Subspecies="",
    Sex="f",
    Author = "Cresson",
    Determiner="R.W. Thorp",
    temp.id= c(3566, 3567, 3569, 3571, 3572,
      3590, 3605, 3602, 3606, 3632, 3681, 3724, 3538, 3732, 3706, 3745,
      3753, 3758, 3760, 3766, 3807, 3785, 3835, 4108, 4116, 4119, 4120,
      4136, 4034, 3989, 4608, 4140, 4150, 4155, 4156, 4151, 4157, 4160,
      4208, 4192, 4209, 4210, 4211, 4212, 4236, 4238, 4237, 4239, 4248,
      4260, 4261, 4278, 4279, 4280, 4281, 4297, 4319, 4321, 4322, 4350,
      4405, 4436, 4437, 34, 221, 319, 320, 355, 363, 364, 365, 369, 370,
      390, 387, 435, 462, 506, 507, 508, 509, 529, 530, 719, 554, 541,
      555, 567, 568, 569, 570, 571, 572, 573, 574, 575, 587, 588, 652,
      664, 665, 666, 667, 661, 680, 679, 681, 682, 686, 715, 716, 717,
      718, 736, 754, 780, 826, 909, 1131, 907, 908, 933, 1132, 1130, 1080,
      1511, 1529, 1507, 1189, 1190, 1506, 1218, 1250, 779, 2430, 1253,
      2429, 1255, 1256, 1257, 1258, 1269, 1270, 1271, 1272, 1298, 1299,
      1302, 1303, 1329, 1330, 1331, 1332, 1334, 1335, 1336, 1337, 1338,
      1339, 1340, 1341, 1342, 1376, 1378, 1505, 1573, 1531, 1668, 1512,
      1685, 1686, 1687, 1708, 1735, 1775, 1796, 1823, 2311, 1949, 1948,
      2179, 2180, 2181, 2182, 2183, 2205, 2214, 2216, 2217, 2227, 2229,
      2238, 2239, 2246, 2270, 2273, 2280, 2288, 2298, 2289, 2306, 2314,
      2315, 2324, 2333, 2334, 2335, 2336, 2337, 2338, 2357, 2358, 4628,
      2427, 2444, 2460, 2475, 2484, 2488, 2490, 2491, 2493, 2492, 2494,
      2495, 2518, 2519, 2557, 2560, 2561, 2604, 2605, 2607, 2608, 2426,
      2651, 2665, 2659, 2666, 2668, 2690, 2711, 2693, 2694, 2695, 2696,
      2719, 2839, 2857, 2861, 2862, 2863, 2864, 3219, 3350, 3173, 3434,
      3444, 3138, 3139, 3146, 3505, 3514, 3513, 3506, 3399, 4187, 4200,
      4672, 4661, 4629, 3915, 4542, 4625, 4540, 4546, 3914, 4676, 3962,
      3919, 4045, 4059, 3982, 4626, 2802, 774, 768, 3412, 3106, 5512,
      5325, 5828, 7412, 8501, 8559, 8590, 9149, 9150, 9437, 9422, 8699,
      8786, 8787, 9456, 9499, 9510, 9530, 9531, 10026, 10027, 9797, 9973,
      9976, 9977, 9978, 9979, 10015, 10020, 8152, 8817)),

  Bombus_bifarius_q= list(
    Genus="Bombus",
    Subgenus ="Bombus",
    Species ="bifarius",
    Subspecies="",
    Sex="queen",
    Author = "Cresson",
    Determiner="R.W. Thorp",
    temp.id= c(7205, 7206, 7207, 7059, 7141)),

  Bombus_bifarius_m= list(
    Genus="Bombus",
    Subgenus ="Bombus",
    Species ="bifarius",
    Subspecies="",
    Sex="m",
    Author = "Cresson",
    Determiner="R.W. Thorp",
    temp.id= c(651, 683, 684, 685, 714, 849,
      999, 1000, 1001, 1002, 1236, 1004, 1585, 1037, 1038, 1039, 1234,
      1235, 1652, 1237, 1297, 1300, 1301, 1304, 1324, 1325, 1326, 1327,
      1328, 1333, 1413, 1456, 1509, 1510, 1530, 1535, 1508, 3736, 2184,
      2185, 2209, 2244, 2272, 2276, 2279, 2282, 2297, 2359, 2428, 2431,
      2432, 2433, 2434, 2435, 2436, 2489, 2520, 2531, 2606, 2624, 2667,
      2763, 2764, 2821, 2822, 2823, 2824, 2825, 2826, 2827, 2838, 3086,
      3348, 3504, 3947, 4722, 2210, 2645, 3603, 3948, 910, 1252, 934,
      4718, 4723, 3931, 3932, 3763, 3833, 1217, 2243, 1251, 2286, 1859,
      1855, 1107, 1254, 3820, 4688, 4543, 4545, 4568, 4589, 4596, 4595,
      4594, 4679, 4687, 3875, 4598, 4541, 3949, 4686, 4627, 4118, 4438,
      4145, 4439, 4440, 4662, 3897, 3898, 4717)),

  Bombus_fernaldae_m= list(
    Genus="Bombus",
    Subgenus ="Psithyrus",
    Species ="fernaldae",
    Subspecies="",
    Sex="m",
    Author = "Franklin",
    Determiner="R.W. Thorp",
    temp.id= c(1916, 2716, 3911, 3777, 2708, 1904, 2712, 2662, 2638,
      2643, 4710, 4696)),

  Bombus_flavifrons= list(
    Genus="Bombus",
    Subgenus ="Pyrobombus",
    Species ="flavifrons",
    Subspecies="",
    Sex="f",
    Author = "Cresson",
    Determiner="R.W. Thorp",
    temp.id= c(8688, 9798, 9035, 9054, 8686, 9795, 9799)),

  Bombus_insularis_m= list(
    Genus="Bombus",
    Subgenus ="Psithyrus",
    Species ="insularis",
    Subspecies="",
    Sex="m",
    Author = "Smith",
    Determiner="R.W. Thorp",
    temp.id= c(648, 649, 766, 767, 2709,
      1295, 1316, 1414, 1434, 3922, 1644, 1779, 650, 2647, 2717, 2098,
      2245, 2529, 2634, 2635, 2637, 2962, 2996, 2997, 3050, 3085, 3217,
      3483, 4146, 4486, 4532, 4572, 4586, 4592, 4652, 4651, 4655, 4656,
      4677, 4697, 3913, 3921, 4537, 2639, 2640, 523, 1313, 1246, 527,
      524, 643, 3640, 410, 778, 771, 3912, 3834, 1067, 9053)),

  Bombus_insularis_f= list(
    Genus="Bombus",
    Subgenus ="Psithyrus",
    Species ="insularis",
    Subspecies="",
    Sex="f",
    Author = "Smith",
    Determiner="R.W. Thorp",
    temp.id= c(2803, 9177)),
  
  Bombus_mixtus_f= list(
    Genus="Bombus",
    Subgenus ="Bombus",
    Species ="mixtus",
    Subspecies="",
    Sex="f",
    Author = "Cresson",
    Determiner="R.W. Thorp",
    temp.id= c(3556, 3541, 4386, 4153, 1937,
      2998, 2999, 3023, 3080, 1684, 1797, 1803, 1901, 1972, 5941, 6336,
      9036, 9055, 8694, 8693, 8692, 8687, 8698, 8708, 8726, 8730,
      9800, 9816, 9829, 9830, 9028, 9813, 8718, 8695)),

  Bombus_mixtus_m= list(
    Genus="Bombus",
    Subgenus ="Bombus",
    Species ="mixtus",
    Subspecies="",
    Sex="m",
    Author = "Cresson",
    Determiner="R.W. Thorp",
    temp.id= c(3781, 3078, 3550, 2115, 3546,
      2818, 1584, 1774, 1923, 1924, 1935, 1943, 2837, 4730, 3051, 3557,
      1003, 935)),

  Bombus_vandykei_m= list(
    Genus="Bombus",
    Subgenus ="Bombus", Species
    ="vandykei", Subspecies="",
    Sex="m", Author = "Frison",
    Determiner="R.W. Thorp",
    temp.id= c(1108, 1171, 1389, 1532, 1533, 1534, 1698, 1745, 1762,
      1766, 1921, 1922, 1970, 1969, 2625, 2626, 2887, 4252, 2186, 1528,
      1780, 9032, 9794, 9814, 8697)),

  Bombus_vandykei_f= list(
    Genus="Bombus",
    Subgenus ="Bombus",
    Species ="vandykei",
    Subspecies="",
    Sex="f",
    Author = "Frison",
    Determiner="R.W. Thorp",
    temp.id= c(3559, 3560 ,3082, 3081, 4494,
      3552, 3403, 2873, 3542, 3537, 3553, 3083, 3512, 2875, 3510, 3393,
      12, 1896, 1889, 1763, 1764, 1790, 1788, 1789, 1791, 1792, 1793,
      1794, 1795, 1798, 1804, 1802, 1801, 1805, 1744, 1831, 1950, 1603,
      1628, 2132, 1914, 1897, 1898, 1993, 1899, 1900, 1913, 1946, 1947,
      1912, 1973, 1964, 1945, 5824, 9027, 9029, 9030, 9031, 8690, 8691,
      8696, 8725, 9796, 9815, 8689)),

  Bombus_vandykei_q= list(
    Genus="Bombus",
    Subgenus ="Bombus",
    Species ="vandykei",
    Subspecies="",
    Sex="queen",
    Author = "Frison",
    Determiner="R.W. Thorp",
    temp.id= c(1959, 8290)),

  Bombus_melanopygus_m= list(
    Genus="Bombus",
    Subgenus ="Bombus",
    Species ="melanopygus",
    Subspecies="",
    Sex="m",
    Author = "Nylander",
    Determiner="R.W. Thorp",
    temp.id= c(556, 7342, 7219, 8044, 8376)),

  Bombus_melanopygus_f= list(
    Genus="Bombus",
    Subgenus ="Bombus",
    Species ="melanopygus",
    Subspecies="",
    Sex="f",
    Author = "Nylander",
    Determiner="R.W. Thorp",
    temp.id= c(531, 8145)),

  Bombus_vosnesenskii_q= list(
    Genus="Bombus",
    Subgenus ="Bombus",
    Species ="vosnesenskii",
    Subspecies="",
    Sex="queen",
    Author = "Radoszkowski",
    Determiner="R.W. Thorp",
    temp.id= c(7400, 7375)),