sp.ids <- list(

  Hylaeus_basalis = list(
    Genus="Hylaeus",
    Subgenus = "Cephalylaeus",
    Species ="basalis",
    Subspecies="",
    Sex="f",
    Author = "Smith",
    Determiner="L. Ponisio",
    temp.id= c(4084, 3332, 419, 2099, 5057, 7387, 8515, 9033, 11298,
      9806, 8197, 8209, 10202, 10170, 10370, 8716, 11662, 11653, 3551,
      3878)),

  Hylaeus_small = list(
    Genus="Hylaeus",
    Subgenus = "",
    Species ="spp.",
    Subspecies="small",
    Sex="m",
    Author = "",
    Determiner="L. Ponisio",
    temp.id= c(
      ## coloradensis
      2106, 3596, 4225, 2918, 110, 6027, 4808, 6026, 6028, 5673, 136,
      76, 3458, 427, 3848, 3224, 381, 10786, 11548, 9780, 8338, 11004,
      11020, 7180, 547, 9396, 
      ## nevadensis
      2834, 4807, 2256, 109, 181, 3790, 3791, 3794, 134, 601, 3927,
      544, 3249, 120, 183, 135, 444, 3787, 3892, 2107, 19, 3929, 2255,
      3937, 9811, 8296, 9787, 9786, 9606, 9826, 9998, 9810, 8642, 8611,
      8619, 8640, 8972, 8939, 8938, 8934, 9175, 8420, 8509, 8498, 8341,
      9418, 9419, 
      ## rudbeckiae
      5651, 4759, 5207, 6075, 4801, 4843, 6208, 605, 606, 113, 253,
      310, 546, 2528, 5245, 184, 133, 56, 429, 3793, 4387, 2688, 4101,
      3891, 6166, 4990, 1062, 3389, 143, 6608, 4976, 6864, 352, 396,
      3222, 3205, 3211, 3193, 1154, 1181, 1846, 3792, 3278, 2744, 3890,
      3320, 10214, 10153, 11281, 10277, 10413, 10418, 10474, 10458,
      10473, 10508, 11210, 11126, 7369, 8061, 9066, 8908, 9092, 9529,
      8633, 9867, 8933, 9118, 9094, 11109, 11111, 11559, 11560, 11620,
      9491, 9605, 9641, 8874, 3894, 10636, 9266,
      ## polifolii
      477, 4205, 3928, 2514, 2440, 4096, 187, 3772, 114, 3773, 3860,
      9591, 9784, 9827, 9841, 9664, 8641, 2747, 3703, 9395,
      ## wootoni
      6052, 6051, 9785, 7433,
      ## personatellus
      3256,
      ## calvus
      185, 10093, 10599
      )),

  
  Hylaeus_small = list(
    Genus="Hylaeus",
    Subgenus = "",
    Species ="spp.",
    Subspecies="small",
    Sex="f",
    Author = "",
    Determiner="L. Ponisio",
    temp.id= c(
      ## black collar
      1184, 1183, 1182, 1180, 1104,
      789, 426, 428, 4033, 4032, 405, 397, 327, 229, 153, 44, 406,
      2730, 2732, 2746, 2751, 2750, 2678, 2682, 2683, 2684, 2685, 2729,
      2591, 2652, 2620, 2653, 2675, 2677, 4550, 4529, 4522, 3882, 2241,
      2242, 2345, 2513, 4337, 4336, 4744, 4497, 4365, 6606, 6579, 6490,
      6244, 5322, 5290, 6639, 5330, 5621, 6602, 4939, 6841, 4966, 4977,
      5038, 5074, 6844, 6402, 6365, 3275, 6551, 6693, 5342, 2680, 2679,
      5938, 5456, 5663, 5243, 6099, 6124, 6966, 6197, 6962, 6246, 6861,
      3387, 2676, 3853, 3390, 11767, 11072, 11089, 11071, 11558, 10601,
      10587, 6129, 3958, 4481, 9910, 4452, 3852, 4217, 3125, 3225, 3272,
      3177, 2928, 2939, 4503, 3213, 3197, 3195, 3194, 1266, 425, 2808,
      2809, 2805, 1422, 1279, 1421, 8169, 351, 5485, 5640, 5484, 6083,
      6005, 5632, 6540, 5917, 6349, 6869, 5977, 5206, 4981, 5135, 4758,
      6089, 604, 5884, 5464, 6414, 6282, 5426, 3388, 3386, 3385, 3384,
      3355, 3354, 3276, 2761, 2752, 3280, 3391, 3383, 3597, 3641, 3663,
      3664, 3749, 3750, 3751, 3752, 3748, 3757, 1431, 3767, 1463, 1464,
      1465,1466, 1471, 1631, 1633, 1634, 1635, 1636, 1647, 1653, 1657,
      1569, 1567, 1980, 2019, 2037, 2105, 2240, 4739, 2230, 2145, 9322,
      9511, 9509, 9589, 9950, 328, 3788, 9537, 9535, 9550, 9551, 9556,
      9367, 9355, 10190, 10187, 10160, 10205, 10203, 9250, 9416, 9417,
      10286, 10293, 11272, 10376, 10396, 11425, 10503, 11484, 11067,
      11110, 10697, 10721, 11006, 10821, 11455, 7390, 7282, 7983, 8340,
      8441, 8461, 9067, 8922, 8897, 9070, 9069, 9068, 9098, 9119, 9120,
      9100, 9102, 9163, 9656, 8639, 8594, 9162, 9997, 9174, 9854, 9853,
      10047,
      ## mostly yellow with black middle collar
      5989, 6460, 2069, 1627, 3495, 6259, 10663, 3204, 5880, 2251,
      4242, 3212, 492, 9968, 9959, 9316, 9561, 9560, 10171, 10449, 9987,
      9856, 9141, 8929, 9620, 10049,
      ## tiny yellow patches ?
      581, 6299, 1979, 3494, 6025, 6258, 11162, 6429, 4223, 3045, 2807,
      948, 2748, 2589, 2745, 5741, 6637, 5575, 3279, 1467, 1468, 1470,
      1658, 1663, 9951, 9542, 10154, 10379, 10443, 10931, 11456,
      11019, 11090, 8057, 8419, 9095, 9096, 9097, 9099, 8643, 9618,
      10048,
      ## more black, yellow on edges of collar
      3720, 3704, 3789, 1850, 3702, 3437, 3561, 3609, 3687, 6527,
      6394, 6638, 5795, 5565, 6372, 2511, 2451, 4327, 3904, 3905,
      4328, 4363, 8096, 3893, 4315, 4474, 4243, 4226, 4638, 3236,
    3247, 3274, 3271, 3250, 3214, 2865, 2846, 2845, 1151, 1063,1061,
    949, 3992, 182, 2731, 2687, 3091, 9590, 9315, 9299, 9554, 9281,
    10213, 11247, 8256, 8485, 8499, 8496, 8403, 9855, 8909, 9101,
    9123, 9164, 9183, 9184, 8984, 8755, 9624, 9663, 10035, 9868)),
  
  Hylaeus_big = list(
    Genus="Hylaeus",
    Subgenus = "",
    Species ="spp.",
    Subspecies="big",
    Sex="m",
    Author = "",
    Determiner="L. Ponisio",
    temp.id= c(
      ## episcopolis
      141, 178, 311, 4947, 6691, 2946, 180, 177, 312, 4227,
      3198, 111, 144, 112, 116, 142, 186, 3719, 3715, 3658, 3656, 2758,
      2347, 3889, 3847, 2937, 3092, 3114, 3005, 3223, 4087, 3253, 2810,
      360, 421, 422, 424, 1462, 1429, 1430, 131, 1440, 1459, 2219, 1458,
      1460, 325, 2749, 77, 132, 2759, 3756, 5345, 2796, 4065, 2250, 169,
      95, 1469, 179, 8484, 8482, 8916, 9082, 9865, 11586, 9346, 8071,
      10845, 10969, 11160, 10675, 7950, 7178, 8342, 8915, 8648, 9578,
      9513, 9393, 9287, 8123, 8163, 8164, 8168, 8162, 10296, 11242,
      11346, 10746, 10691, 11142, 11665, 8337, 8380, 7177, 7187, 115,
      9093, 11122, 11741,
      ## modestus citrinifrons
      6665, 3657, 3721, 2702, 3255, 4123, 1441, 1442, 2121, 6968, 8483,
      8564, 9314, 11306, 9824, 9608, 8011, 7937, 4806, 3227, 8212,
      10765, 9282)),

  Hylaeus_big_f= list(
    Genus="Hylaeus",
    Subgenus = "",
    Species ="spp.",
    Subspecies="big",
    Sex="f",
    Author = "",
    Determiner="L. Ponisio",
    temp.id= c(
      ## verticalis
      602, 4167, 2509, 6896, 3378, 2992, 1428, 3718, 1646, 1953,
      1645, 1457, 6950, 1427, 1654, 6068, 6358, 6359, 6260, 6248, 6455,
      6347, 2926, 5547, 5506, 5410, 5351, 5812, 5832, 3254, 6605, 6835,
      6535, 5797, 5793, 5447, 6488, 5448, 6090, 838, 784, 442, 851, 597,
      443, 1426, 1423, 1424, 1242, 1265, 1348, 1347, 944, 945, 1150,
      1149, 946, 699, 420, 408, 5965, 839, 1824, 1624, 4287, 2512, 2578,
      2743, 2740, 947, 595, 3059, 3004, 2911, 4451, 4079, 3879, 1012,
      600, 1011, 4039, 4634, 2820, 404, 579, 582, 698, 1010, 598, 2806,
      3210, 3094, 3072, 3149, 2938, 2927, 3152, 3151, 3880, 4410, 4286,
      4446, 3953, 596, 3926, 2510, 2508, 2441, 2705, 2704, 2346, 3761,
      3366, 3365, 3379, 3377, 3376, 1736, 1461, 1825, 2119, 1952, 7190,
      8010, 8055, 8384, 8470, 8459, 10461, 8453, 8410, 8414, 9173, 8940,
      8994, 8535, 8756, 8705, 8712, 8713, 8714, 8715, 8720, 8721, 5883,
      9835, 9836, 9823, 9392, 407, 9838, 441, 9778, 9852, 9575, 9394,
      9368, 9363, 423, 9364, 9365, 9371, 10310, 9377, 9378, 9379, 9380,
      9381, 9390, 10302, 9384, 9386, 9404, 9405, 9406, 9407, 8180, 9408,
      9409, 9410, 9411, 9198, 519, 10301, 10349, 10350, 10359, 10442,
      11000, 11008, 11017, 11013, 11024, 11531, 11440, 10871, 10729,
      11547, 11728, 11722, 10638, 10637, 379, 326, 520, 543, 4040, 5480,
      6895, 4086, 
      ## episcopolis
      2036, 518, 
      ## modestus citrinifrons
      4620, 4619, 9839,
      ## yellow patches
      8722, 1425, 3844, 9807, 9360, 10300, 731, 3545, 1705, 11674
      )),