sp.ids <- list(
  
  Agapostemon_texanus = list(
    Genus="Agapostemon", Subgenus =
    "Agapostemon",
    Species ="texanus",
    Subspecies="",
    Sex="f",
    Author = "Cresson",
    Determiner="R.W. Thorp",
    temp.id= c(10591)),
  
  Lasioglossum_sisymbrii = list(
    Genus="Lasioglossum",
    Subgenus ="Lasioglossum", Species ="sisymbrii",
    Subspecies="",
    Sex="f",
    Author = "Cockerell",
    Determiner="J.S. Ascher",
    temp.id= c(3516)),

  Lasioglossum_mellipes = list(
    Genus="Lasioglossum",
    Subgenus = "Lasioglossum",
    Species ="mellipes",
    Subspecies="",
    Sex="f",
    Author = "Crawford",
    Determiner="R.W. Thorp",
    temp.id= c(6679, 5686, 7416, 7427)),
  
  Lasioglossum_sp = list(
    Genus="Lasioglossum",
    Subgenus = "Dialictus",
    Species ="sp.",
    Subspecies="kn",
    Sex="f",
    Author = "",
    Determiner="",
    temp.id= c(14, 42, 4395, 4475, 5735, 5179, 5233, 5250, 918, 5710,
      1044, 1045, 1365, 1559, 1561, 1571, 2344, 2793, 2789, 4851, 4850,
      4857, 4865, 4854, 4855, 4853, 5106, 4852, 5120, 5146, 5145, 4826,
      5174, 5167, 5173, 5180, 5160, 5182, 10486, 10489, 10510, 10515,
      11144, 11154, 11146, 10516, 10517, 11710, 11147, 11148, 11145,
      11143, 10680, 11566, 11577, 11578, 11579, 11580, 11588, 11589,
      11569, 11066, 11491, 11514, 10646, 11744, 11724, 11746, 11216,
      11195, 7280, 10812, 5381, 5293, 615, 5311, 5364, 5367, 5373, 5374,
      5390, 5411, 5525, 5526, 6440, 5559, 6434, 6426, 6355, 6395, 5574,
      5556, 5569, 6439, 11308, 11315, 11065, 11032, 11027, 11021, 10973,
      10972, 10810, 10695, 10905, 6599, 6959, 6944, 4874, 6618, 6441,
      4877, 6848, 5015, 3237, 5009, 5014, 5223, 5222, 5221, 5191, 5251,
      5253, 4940, 4931, 5742, 5584, 4948, 4915, 5090, 5062, 11201, 6284,
      4949, 5902, 3235, 228, 129, 235, 4257, 5638, 5995, #6,
      5127, 6887, 11173, 11594, 6587, 5029, 4799, 5771, 5984, 5633, 5881, 6859,
      6843, 6516, 6850, 11596, 11602, 11603, 11604, 11607, 11608, 11609,
      11610, 11611, 11612, 11613, 11614, 11622, 11623, 11624, 5039,
      5046, 11802, 6886, 11635, 10518, 10523, 10531, 10532, 10533,
      10534, 10536, 10537, 10538, 10539, 10540, 10544, 10571, 11476,
      11477, 10590, 10696, 10700, 10732, 10715, 10948, 10983, 10985,
      11058, 11193, 11170, 11171, 11178, 11179, 895, 11743, 7249, 7250,
      7251, 7260, 7267, 7268, 7270, 7281, 7289, 7310, 7290, 7291, 7292,
      7299, 7905, 8023, 8294, 7160, 9103, 9628, 9536, 9342, 9356, 9254,
      10067, 10055, 10372, 8076, 8062, 10221, 10222, 10227, 10229,
      10237, 10238, 10129, 10125, 10198, 4274)),

  Lasioglossum_sp = list(
    Genus="Lasioglossum",
    Subgenus = "Dialictus",
    Species ="sp.",
    Subspecies="kn",
    Sex="m",
    Author = "",
    Determiner="",
    temp.id= c(1655, 8224, 10613, 9840, 9877, 9369, 5579, 1954, 8012,
      1152, 6041, 1155, 2439, 1013, 10580, 9280, 11263, 11255, 11239, 11246)),
  
  Lasioglossum_anhypops = list(
    Genus="Lasioglossum",
    Subgenus ="Lasioglossum",
    Species ="anhypops",
    Subspecies="",
    Sex="f",
    Author = "McGinley",
    Determiner="R.W. Thorp",
    temp.id= c(4972,
      4816, 4970, 5001, 4969, 4817, 4766, 5035, 5139, 5100, 5177, 4846,
      4888, 5196, 613, 5054, 4934, 4796, 4790, 4797, 4819, 608, 4894,
      4899, 6102, 4897, 4798, 5232, 5030, 6562, 6698, 6884, 6702, 5661,
      5193, 6883, 6337, 4849, 5175, 5052, 7211, 7215, 7216, 7221, 7214,
      11671, 7423, 11672, 8040, 8301, 8398, 9676, 11707, 8133, 8144,
      8178, 8179, 8215, 8214, 11712, 10258, 10255, 10158, 10194, 10262,
      10264, 10289, 11713, 10295, 10299, 10271, 11304, 11294, 11309,
      11310, 11708, 11327, 10427, 10422, 10856, 10846, 10912, 11016,
      11059, 11198, 11141, 11140, 11159, 11572, 11573, 11536, 11667,
      7222, 11583, 11584, 11585, 11668, 11670, 11682, 11686, 11687,
      11689, 11701, 8099)),

  Lasioglossum_glabriventre = list(
    Genus="Lasioglossum",
    Subgenus ="Hemihalictus",
    Species ="glabriventre",
    Subspecies = "",
    Sex="f",
    Author = "",
    Determiner="Jason Gibbs",
    temp.id= c(10415, 10483, 11730, 11570, 7269, 10526, 11749, 11785,
      11153, 11197, 10529,
      11784, 10835, 10543,
      11787, 10713, 10527,
      10509, 10506, 10498,
      7266, 10485, 8074, 8075,
      10120, 11245, 6401, 7277,
      7288, 7286, 8021, 3991,
      5008, 5163, 11634, 11025,
      7242, 10484, 10497, 5199,
      5144, 7241, 3064)),

  Lasioglossum_glabriventre = list(
    Genus="Lasioglossum",
    Subgenus ="Hemihalictus",
    Species ="glabriventre",
    Subspecies = "",
    Sex="m",
    Author = "",
    Determiner="Jason Gibbs",
    temp.id= c(8707, 4637, 3846, 9534, 4306, 6517)),

  Lasioglossum_nevadense = list(
    Genus="Lasioglossum",
    Subgenus ="Dialictus",
    Species ="nevadense",
    Subspecies="",
    Sex="f",
    Author = "",
    Determiner="Jason Gibbs",
    temp.id= c(5891, 5614, 11217, 11029, 11257)),

  Lasioglossum_hairy = list(
    Genus="Lasioglossum",
    Subgenus ="Dialictus",
    Species ="hairy",
    Subspecies="",
    Sex="f",
    Author = "",
    Determiner="Jason Gibbs",
    temp.id= c(11038)),

  Lasioglossum_knereri = list(
    Genus="Lasioglossum",
    Subgenus ="Dialictus",
    Species ="knereri",
    Subspecies="cf.",
    Sex="f",
    Author = "",
    Determiner="Jason Gibbs",
    temp.id= c(11590, 11002, 10225, 11256)),

  Lasioglossum_punctatoentre = list(
    Genus="Lasioglossum",
    Subgenus ="Dialictus",
    Species ="punctatoventre",
    Subspecies="cf.",
    Sex="m",
    Author = "",
    Determiner="Jason Gibbs",
    temp.id= c(9317)),

  Lasioglossum_diatretum = list(
    Genus="Lasioglossum",
    Subgenus ="Dialictus",
    Species ="diatretum",
    Subspecies="cf.",
    Sex="m",
    Author = "",
    Determiner="Jason Gibbs",
    temp.id= c(9203)),

  Lasioglossum_cyaneonotum = list(
    Genus="Lasioglossum",
    Subgenus ="Dialictus",
    Species ="cyaneonotum",
    Subspecies="",
    Sex="f",
    Author = "",
    Determiner="Jason Gibbs",
    temp.id= c(3881, 10500, 11290, 10499, 10502, 4014, 10522, 4012,
      5013, 5767, 11627, 5252, 6205, 10519, 11629, 10535, 6613, 4842,
      5899, 6882, 7188, 7439, 9878, 5016, 3062, 5931)),

  Lasioglossum_cyaneonotum = list(
    Genus="Lasioglossum",
    Subgenus ="Dialictus",
    Species ="cyaneonotum",
    Subspecies="",
    Sex="m",
    Author = "",
    Determiner="Jason Gibbs",
    temp.id= c(890)),

  Lasioglossum_prasinogaster = list(
    Genus="Lasioglossum",
    Subgenus ="Dialictus",
    Species ="prasinogaster",
    Subspecies="aff.",
    Sex="m",
    Author = "",
    Determiner="Jason Gibbs",
    temp.id= c(6409, 5339, 6288, 6515, 5028)),