sp.ids <- list(

  Phyciodes = list(
    Genus="Phyciodes",
    Subgenus = "",
    Species ="mylitta",
    Subspecies="",
    Sex="",
    Author = "Edwards",
    Family= "Nymphalidae",
    Determiner= "L.Ponisio",
    temp.id= c(8867, 8683, 8846, 6717, 11893, 11807, 11873)),

  Phyciodes= list(
    Genus="Phyciodes",
    Subgenus = "",
    Species ="pulchella",
    Subspecies="",
    Sex="",
    Author = "Boisduval",
    Family= "Nymphalidae",
    Determiner= "L.Ponisio",
    temp.id= c(11804, 11883, 11808, 11876, 11887, 11874, 11803, 6788,
    6779, 8858, 6729, 6982, 8672, 6715)),

  Phyciodes = list(
    Genus="Phyciodes",
    Subgenus = "",
    Species ="orseis",
    Subspecies="montana",
    Sex="",
    Author = "Edwards",
    Family= "Nymphalidae",
    Determiner= "L.Ponisio",
    temp.id= c(11862, 11882, 11884, 11806, 6774, 6981, 11850)),

  Chlosyne= list(
    Genus="Chlosyne",
    Subgenus = "",
    Species ="hoffmannii",
    Subspecies="",
    Sex="",
    Author = "Behr",
    Family="Nymphalidae",
    Determiner= "L.Ponisio",
    temp.id= c(6735, 8685, 8673, 8866, 9006, 11880, 11881)),

   Boloria= list(
    Genus="Boloria",
    Subgenus = "",
    Species ="epithore",
    Subspecies="",
    Sex="",
    Author = "Edwards",
    Family="Nymphalidae",
    Determiner= "L.Ponisio",
    temp.id= c(8680, 8678, 8860, 8675, 8676, 8681, 8684, 8682, 8679,
    8677, 11866, 11865, 11867, 11868, 11915, 11917, 11919)),

  Polygonia= list(
    Genus="Polygonia",
    Subgenus = "",
    Species ="gracilis",
    Subspecies="",
    Sex="",
    Author = "Grote & Robinson",
    Family= "Nymphalidae",
    Determiner= "L.Ponisio",
    temp.id= c(6721)),

  Speyeria= list(
    Genus="Speyeria",
    Subgenus = "",
    Species ="spp.",
    Subspecies="",
    Sex="",
    Author = "",
    Family="Nymphalidae",
    Determiner= "L.Ponisio",
    temp.id= c(6917, 6724, 6777, 6776, 6755, 6904, 6916, 6778, 6766,
    6908, 6911, 6906, 6902, 11827, 6768, 6784, 6772, 6915, 11878,
    11894, 11828, 6936, 11870, 11869, 6826, 6822, 11839, 11879, 11855,
    11840, 6761, 6770, 6799, 6980, 6757, 8674, 11853, 11830, 11829,
    6939, 6824, 6745, 6810, 6821, 6825, 6749, 6756, 6751, 6934, 6938,
    6937, 6752, 6795, 6789, 6833, 6819, 6983, 6747)),

  Parnassius= list(
    Genus="Parnassius",
    Subgenus = "",
    Species ="clodius",
    Subspecies="",
    Sex="f",
    Author = "Menetries",
    Family= "Papilionidae",
    Determiner= "L.Ponisio",
    temp.id= c(6709)),

  Colias = list(
    Genus="Colias",
    Subgenus = "",
    Species ="eurytheme",
    Subspecies="",
    Sex="f",
    Author = "Boisduval",
    Family= "Pieridae",
    Determiner= "L.Ponisio",
    temp.id= c(6707, 6827, 6767, 6796, 6932, 6811, 6931)),

  Neophasia= list(
    Genus="Neophasia",
    Subgenus = "",
    Species ="menapia",
    Subspecies="",
    Sex="",
    Author = "C. Felder and R. Felder",
    Family= "Pieridae",
    Determiner= "L.Ponisio",
    temp.id= c(6930)),

  Strymon = list(
    Genus="Strymon",
    Subgenus = "",
    Species ="melinus",
    Subspecies="",
    Sex="",
    Author = "Hubner",
    Family= "Lycaenidae",
    Determiner= "L.Ponisio",
    temp.id= c(6726)),

  Satyrium = list(
    Genus="Satyrium",
    Subgenus = "",
    Species ="sylvinus",
    Subspecies="",
    Sex="",
    Author = "Hubner",
    Family= "Lycaenidae",
    Determiner= "L.Ponisio",
    temp.id= c(6750)),


  Lycaena = list(
    Genus="Lycaena",
    Subgenus = "",
    Species ="nivalis",
    Subspecies="",
    Sex="",
    Author = "Boisduval",
    Family= "Lycaenidae",
    Determiner= "L.Ponisio",
    temp.id= c(6713)),

Papilio = list(
    Genus="Papilio",
    Subgenus = "",
    Species ="eurymedon",
    Subspecies="",
    Sex="",
    Author = "Lucas",
    Family= "Lycaenidae",
    Determiner= "L.Ponisio",
    temp.id= c(11864)),

  Plebejus= list(
    Genus="Plebejus",
    Subgenus = "",
    Species ="idas",
    Subspecies="",
    Sex="f",
    Author = "Linnaeus",
    Family= "Lycaenidae",
    Determiner= "L.Ponisio",
    temp.id= c(11918, 11858, 11823, 11832, 11833, 11834, 11820, 11815, 11816, 11814, 8659, 6829, 6794, 6807, 6830, 6806, 6801, 6793, 6734, 6720)),

  Plebejus= list(
    Genus="Plebejus",
    Subgenus = "",
    Species ="idas",
    Subspecies="",
    Sex="m",
    Author = "Linnaeus",
    Family= "Lycaenidae",
    Determiner= "L.Ponisio",
    temp.id= c(11872, 11860, 11822, 11825, 11826, 11835, 11831, 11813,
    11841, 6812, 6804, 6736, 6808, 6800, 6740, 6738, 6814, 6831,
    6832)),

  Plebejus= list(
    Genus="Plebejus",
    Subgenus = "",
    Species ="acmon",
    Subspecies="",
    Sex="f",
    Author = "Westwood",
    Family= "Lycaenidae",
    Determiner= "L.Ponisio",
    temp.id= c(6744, 6748)),


  Plebejus= list(
    Genus="Plebejus",
    Subgenus = "",
    Species ="acmon",
    Subspecies="",
    Sex="m",
    Author = "Westwood",
    Family= "Lycaenidae",
    Determiner= "L.Ponisio",
    temp.id= c(6714)),

  Plebejus= list(
    Genus="Plebejus",
    Subgenus = "",
    Species ="saepiolus",
    Subspecies="",
    Sex="f",
    Author = "Boisduval",
    Family= "Lycaenidae",
    Determiner= "L.Ponisio",
    temp.id= c(11889, 6716, 6802, 11819, 11817, 11810, 11836, 11890,
    8650, 6913, 6780, 11845, 6732, 6723)),

  Plebejus= list(
    Genus="Plebejus",
    Subgenus = "",
    Species ="saepiolus",
    Subspecies="",
    Sex="m",
    Author = "Boisduval",
    Family= "Lycaenidae",
    Determiner= "L.Ponisio",
    temp.id= c(6719, 6828, 8850, 8849, 9011, 6762, 11837, 6818, 9007,
    9024, 8852)),

  Euphilotes= list(
    Genus="Euphilotes",
    Subgenus = "",
    Species ="enoptes",
    Subspecies="",
    Sex="m",
    Author = "Boisduval",
    Family= "Lycaenidae",
    Determiner= "L.Ponisio",
    temp.id= c(11908, 8653, 8664, 11857, 8649, 11844, 6708, 6792, 11886)),

  Euphilotes= list(
    Genus="Euphilotes",
    Subgenus = "",
    Species ="enoptes",
    Subspecies="",
    Sex="f",
    Author = "Boisduval",
    Family= "Lycaenidae",
    Determiner= "L.Ponisio",
    temp.id= c(8855, 8654, 8854, 8859, 8857, 6743, 8856, 8663, 8652, 6817, 8848, 6816, 11821, 11920)),

  Plebejus= list(
    Genus="Plebejus",
    Subgenus = "",
    Species ="icarioides",
    Subspecies="",
    Sex="",
    Author = "Boisduval",
    Family= "Lycaenidae",
    Determiner= "L.Ponisio",
    temp.id= c(11912, 11911, 9012, 9026, 8671, 11856, 6733, 8660,
    11812, 6805, 6731, 11846, 6727, 8851, 8651, 6809, 8865, 9020,
    8862, 6787, 9019, 6710, 8863, 11900, 6741, 6903, 8665, 11885,
    8656, 6914, 8853, 8661, 6977, 6712)),

  Satyrium= list(
    Genus="Satyrium",
    Subgenus = "",
    Species ="saepium",
    Subspecies="",
    Sex="f",
    Author = "Boisduval",
    Family= "Lycaenidae",
    Determiner= "L.Ponisio",
    temp.id= c(6728)),

  Danaus = list(
    Genus="Danaus",
    Subgenus = "",
    Species ="plexippus",
    Subspecies="",
    Sex="f",
    Author = "Linnaeus",
    Family= "Nymphalidae",
    Determiner= "L.Ponisio",
    temp.id= c(11854)),

Hesperia = list(
    Genus="Hesperia",
    Subgenus = "",
    Species ="juba",
    Subspecies="",
    Sex="m",
    Author = "Scudder",
    Family= "Hesperiidae",
    Determiner= "L.Ponisio",
    temp.id= c(11895, 11909, 11926, 11928, 11892, 11824, 6918, 11891,
    6773, 8670, 6783, 6725, 11875, 6798, 6927, 6737, 11847, 6785,
    6765, 8861, 11843, 11898, 11904, 11921, 11838, 6771, 6730, 6754,
    6905, 6901, 6758, 6933, 6742, 6759, 6925, 6926, 6910, 6935, 11852,
    11842, 11848, 11910, 11924, 11925, 6760, 9025, 9022, 6764, 8668,
    11818, 6790, 11811, 8669, 6791, 6978, 11871, 6797, 6782, 11805,
    11863, 11888)),